46.333333333333336
83.33333333333333
61.666666666666664
55.333333333333336
34.666666666666664
69.33333333333333
72.66666666666667
53.333333333333336
66.66666666666667
80.66666666666667
86.0
39.666666666666664
62.0
53.0
47.666666666666664
83.0
64.0
66.0
54.333333333333336
84.0
90.66666666666667
53.333333333333336
75.0
70.33333333333333
32.666666666666664
48.0
67.66666666666667
51.666666666666664
46.666666666666664
52.333333333333336
42.333333333333336
41.0
62.0
64.66666666666667
82.66666666666667
65.0
65.66666666666667
69.0
82.66666666666667
63.333333333333336
67.33333333333333
57.0
65.66666666666667
55.0
75.33333333333333
57.0
61.0
73.0
47.333333333333336
58.0
76.0
72.66666666666667
52.333333333333336
57.333333333333336
79.33333333333333
88.33333333333333
80.33333333333333
67.33333333333333
68.33333333333333
73.66666666666667
67.66666666666667
74.0
83.33333333333333
75.66666666666667
55.0
62.333333333333336
63.1666666667 62.1666666667 67.4242424242